OffsetX = 0.03288297
OffsetY = -0.047829673
Scale = 0.9565937
Overlay = 0

[Fractal]
  C = [-0.7298454, 0.16651817]
  PZ0 = [0.0, 0.0]
  PZn = [1.0, 0.0]
