OffsetX = -0.045690715
OffsetY = -0.011169596
Scale = 1.342193
Overlay = 0

[Fractal]
  C = [0.35978392, 0.320545]
  PZ0 = [0.0, 0.0]
  PZn = [1.0, 0.0]
