OffsetX = -0.074430816
OffsetY = -0.005151298
Scale = 1.6494669
Overlay = 0

[Fractal]
  C = [0.3556487, 0.33254102]
  PZ0 = [0.0, 0.0018963814]
  PZn = [1.0, 0.0]
