[Fractal]
  CR = -0.55950934
  CI = 0.55950934
  AX = 0.0
  BX = 0.06748444
  AY = 1.0
  BY = 0.0

[Viewer]
  OffR = -0.12270395
  OffI = -0.09108431
  Scale = 0.90207887
