OffsetX = -0.025535285
OffsetY = 0.029290883
Scale = 1.2139423
Overlay = 0

[Fractal]
  C = [0.2515699, 0.00010684272]
  PZ0 = [0.0, 0.0]
  PZn = [1.0, 0.0]
