OffsetX = -0.13108307
OffsetY = -0.1440887
Scale = 1.3360654
Overlay = 0

[Fractal]
  C = [0.35577947, 0.3321197]
  PZ0 = [0.0, 0.0]
  PZn = [1.0, 0.0]
