[Fractal]
  CR = -0.5553092
  CI = 0.5553092
  AX = 0.0
  BX = 0.074484766
  AY = 1.0
  BY = 0.0

[Viewer]
  OffR = -0.12270395
  OffI = -0.09108431
  Scale = 0.90207887
