OffsetX = -0.09714399
OffsetY = 0.73985314
Scale = 0.45709836
Overlay = 0

[Fractal]
  C = [0.3556487, 0.33254102]
  PZ0 = [0.0, 0.0018963814]
  PZn = [1.0, 0.0]
