OffsetX = 0.020362398
OffsetY = -0.024927244
Scale = 1.202458
Overlay = 0

[Fractal]
  C = [0.35520163, 0.33648646]
  PZ0 = [0.0, 0.0018746853]
  PZn = [1.0, 0.0]
