OffsetX = 0.01057105
OffsetY = 0.004643295
Scale = 0.95659405
Overlay = 0

[Fractal]
  C = [-0.5184959, 0.504031]
  PZ0 = [0.0, 0.0]
  PZn = [1.0, 0.0]
