OffsetX = -0.04742705
OffsetY = -0.039731435
Scale = 0.9160013
Overlay = 0

[Fractal]
  C = [-0.7493779, 0.05563439]
  PZ0 = [0.0, 0.0]
  PZn = [1.0, 0.0]
