OffsetX = -0.014932182
OffsetY = -0.06585156
Scale = 1.342193
Overlay = 0

[Fractal]
  C = [0.35978392, 0.320545]
  PZ0 = [0.0, 0.0018963814]
  PZn = [1.0, 0.0]
