OffsetX = -0.015363064
OffsetY = -0.020181794
Scale = 0.9304389
Overlay = 0

[Fractal]
  C = [-0.7493779, 0.05563439]
  PZ0 = [0.0, 0.0018746853]
  PZn = [1.0, 0.0]
