OffsetX = -0.03478213
OffsetY = 0.3544405
Scale = 0.13729939
Overlay = 0

[Fractal]
  C = [-0.7445082, 0.09789532]
  PZ0 = [0.0, 0.0]
  PZn = [1.0, 0.0]
